 -6.73942009e-01 1.39592977e-01 1.55556929e-01 -2.44836772e-01
 -4.00315667e-01 9.05511255e-03 2.15547378e-01 3.34193182e-01
 -5.36828066e-01 6.30179723e-02 1.79361336e-01 8.80581469e-02
 1.97369086e-01 -8.40943698e-02 -1.38471305e-01 -3.43910786e-02
 6.21278651e-01 -1.05675048e-01 -1.49246875e-01 1.20601538e-01
 7.65758228e-01 -1.24140904e-01 -1.54480258e-01 1.65335727e-01
 5.38343714e-02 2.65435054e-01 1.87699738e-01 1.05646964e-02
 -4.87642030e-01 6.20428544e-02 1.78779838e-01 8.70032086e-02
 -4.72832388e-01 1.73946005e-02 2.15880889e-01 3.02327502e-01
 -1.28843712e+00 -5.61230136e-01 3.79555236e+00 -1.18051717e+00
 5.34631741e-01 -9.10363877e-02 -1.50068373e-01 6.46207750e-02
 8.20987470e-01 -1.33744123e-01 -1.56891019e-01 2.00839633e-01
 -2.00941585e+00 4.48980424e-01 2.93147864e-01 -2.99219227e-01
 -6.06810411e-01 1.14381792e-01 1.53826948e-01 -1.33034263e-01
 -4.07304064e-01 -1.31975965e-02 2.33018563e-01 4.47596639e-01
 -1.91116337e-01 8.34769006e-02 1.43840183e-01 9.83653600e-02
 4.58263263e-01 -8.20525462e-02 -1.52032285e-01 1.65693379e-02
 7.66325290e-01 -1.28609361e-01 -1.54229239e-01 1.88207292e-01
 3.97847419e-01 -8.91236095e-02 -1.49462191e-01 -3.96888900e-02
 -6.87782523e-01 1.38237500e-01 1.55366721e-01 -2.33984245e-01
 -3.83754681e-01 -7.63979068e-03 2.26381894e-01 4.17442273e-01
 -5.55166513e-01 8.01594934e-02 1.66348912e-01 9.81397341e-03
 3.18122544e-01 -8.65607795e-02 -1.51799306e-01 -3.53427960e-02
 6.72075404e-01 -1.14734968e-01 -1.50231655e-01 1.48298471e-01
 7.00054107e-01 -1.11372583e-01 -1.50362276e-01 1.25738860e-01
 -5.92303572e-01 1.31406011e-01 1.51023430e-01 -2.20038808e-01
 -4.33311747e-01 3.11356451e-02 2.00292675e-01 2.27594462e-01
 -5.09725237e-01 4.25433024e-02 1.96003518e-01 1.83009738e-01
 -6.10709952e+00 1.51868960e+00 1.12011039e+00 -1.65152702e+00
 5.78739288e-01 -9.80853043e-02 -1.49220537e-01 9.42663670e-02
 8.14545043e-01 -1.31965962e-01 -1.56032384e-01 1.92502631e-01
 -7.17509761e-01 3.72769473e-01 1.26427839e-01 -2.84289831e-01
 -5.43534379e-01 8.94196612e-02 1.62738205e-01 -2.99176373e-02
 -4.39507743e-01 -1.15511346e-03 2.27938771e-01 3.90828932e-01
 -2.47643667e+00 3.99187098e-01 7.26776566e-01 -4.24619198e-01
 4.99357717e-01 -8.63627384e-02 -1.51129499e-01 4.09021503e-02
 8.03810806e-01 -1.32455644e-01 -1.56213956e-01 1.98923195e-01
 -3.11524023e+00 7.29423816e-01 -6.31936942e-01 6.45674339e-02
 -6.55064271e-01 1.29176971e-01 1.53102675e-01 -1.94320864e-01
 -3.88573019e-01 -1.49862396e-02 2.31962543e-01 4.54957118e-01
 -5.35698109e-01 8.65625723e-02 1.59573218e-01 -2.41304652e-02
 4.05557766e-01 -7.89955931e-02 -1.52585311e-01 -1.01341603e-02
 7.23359826e-01 -1.23055048e-01 -1.52066338e-01 1.71959632e-01
 5.16747196e-01 -8.93702725e-02 -1.52700358e-01 1.08093071e-04
 -6.78347005e-01 1.39785395e-01 1.55738453e-01 -2.44839124e-01
 -3.97195623e-01 6.61544093e-03 2.17161044e-01 3.46240295e-01
 -5.39865265e-01 6.54269249e-02 1.77473548e-01 7.70410457e-02
 2.24499681e-01 -9.21067124e-02 -1.43667561e-01 -3.52591366e-02
 6.27151336e-01 -1.06743845e-01 -1.49314024e-01 1.24015913e-01
 7.55593437e-01 -1.23670135e-01 -1.58927557e-01 1.58988545e-01
